{
 "cells": [
  {
   "cell_type": "markdown",
   "metadata": {},
   "source": [
    "# Pre-process non-labeled dataset"
   ]
  },
  {
   "cell_type": "markdown",
   "metadata": {},
   "source": [
    "## Convert to nifti"
   ]
  },
  {
   "cell_type": "code",
   "execution_count": 1,
   "metadata": {},
   "outputs": [],
   "source": [
    "from pickletools import uint1\n",
    "import os, glob\n",
    "import subprocess\n",
    "import numpy as np\n",
    "\n",
    "input_dir = '/mnt/sda1/Repos/a-eye/Data/SHIP_dataset/non_labeled_dataset/'\n",
    "output_dir = '/mnt/sda1/Repos/a-eye/Data/SHIP_dataset/non_labeled_dataset_nifti/'\n",
    "if not os.path.exists(output_dir):\n",
    "    os.makedirs(output_dir)\n",
    "\n",
    "# Loop\n",
    "# i=0\n",
    "for folder1 in sorted(os.listdir(input_dir)):\n",
    "    # i+=1\n",
    "    filename = folder1\n",
    "    for folder2 in os.listdir(input_dir+folder1):\n",
    "        # if i==10: break\n",
    "        if 't1' in folder2 and not folder2.startswith('.'):\n",
    "            input_dicom_folder = input_dir+folder1+'/'+folder2\n",
    "            \n",
    "            # output\n",
    "            output_nifti_folder = output_dir+folder1\n",
    "            if not os.path.exists(output_nifti_folder):\n",
    "                os.makedirs(output_nifti_folder)\n",
    "\n",
    "            # dcm2niix\n",
    "            # dicom2nifti.dicom_series_to_nifti(input_dicom_folder, output_nifti_folder+filename, reorient_nifti=True)\n",
    "            cmd = [\"dcm2niix\", \"-f\", filename, \"-z\", \"y\", \"-o\", output_nifti_folder, input_dicom_folder]\n",
    "            process = subprocess.Popen(cmd, stdout=subprocess.PIPE)  # pass the list as input to Popen\n",
    "            _ = process.communicate()[0]  # the [0] is to return just the output, because otherwise it would be outs, errs = proc.communicate()\n",
    "            # Dealing with files in that folder\n",
    "            # for f in glob.glob(input_dir+folder1+'/anat/'+folder1+'_T1.nii.gz'):\n",
    "            #     os.remove(f)"
   ]
  },
  {
   "cell_type": "markdown",
   "metadata": {},
   "source": [
    "## Crop eye center"
   ]
  },
  {
   "cell_type": "code",
   "execution_count": null,
   "metadata": {},
   "outputs": [],
   "source": [
    "import numpy\n",
    "import os,sys\n",
    "import nibabel as nib\n",
    "import SimpleITK as sitk\n",
    "import pandas as pd\n",
    "import numpy as np\n",
    "\n",
    "def cropVolumeImage(image,x,y,z,border1,border2,border3):\n",
    "    \n",
    "    xSize, ySize, zSize = image.GetSize()\n",
    "    #xMin,yMin,zMin = image.TransformPhysicalPointToIndex([x-border,y-border,z-border])\n",
    "    #xMax,yMax,zMax = image.TransformPhysicalPointToIndex([x+border,y+border,z+border])\n",
    "\n",
    "    #x,y,z = image.TransformPhysicalPointToIndex([x,y,z])\n",
    "    xMin = x - int(border1/2) \n",
    "    xMax = x + int(border1/2) \n",
    "\n",
    "    yMin = y - int(border2/2) \n",
    "    yMax = y + int(border2/2)  \n",
    "\n",
    "    zMin = z - int(border3/2) \n",
    "    zMax = z + int(border3/2)\n",
    "    \n",
    "    # Define limits\n",
    "    if xMin< 0 :\n",
    "        xMin = 0  \n",
    "    if xMax> xSize:\n",
    "        xMax = xSize\n",
    "\n",
    "    if yMin< 0 :\n",
    "        yMin = 0\n",
    "    if yMax > ySize:\n",
    "        yMax = ySize\n",
    "\n",
    "    if zMin< 0 :\n",
    "        zMin = 0\n",
    "    if zMax > zSize:\n",
    "        zMax = zSize\n",
    "\n",
    "    imageReturn = image[int(xMin):int(xMax),int(yMin):int(yMax),int(zMin):int(zMax)]\n",
    "    return imageReturn  \n",
    "\n",
    "# Paths\n",
    "main_path = '/mnt/sda1/Repos/a-eye/Data/SHIP_dataset/'\n",
    "input_path = main_path + 'non_labeled_dataset_nifti/'\n",
    "output_path = main_path + 'non_labeled_dataset_nifti_cropped/'\n",
    "if not os.path.exists(output_path):\n",
    "    os.makedirs(output_path)\n",
    "\n",
    "# Variables to crop \n",
    "eye_center = np.array([112, 173, 67]) # Mean coordinates of the center of the right eye (base of the cornea to catch optic nerve too)\n",
    "croping_cube = np.array([96, 96, 96])\n",
    "\n",
    "i = 0\n",
    "for folder1 in sorted(os.listdir(input_path)):\n",
    "    filename = folder1\n",
    "    # Path to the folder with images\n",
    "    input_image_path = input_path + folder1 + '/' + folder1 + '.nii.gz'\n",
    "    output_image_path = output_path + folder1 + '.nii.gz'\n",
    "    print(input_image_path)\n",
    "\n",
    "    input_image = sitk.ReadImage(input_image_path)\n",
    "\n",
    "    cropped_image = cropVolumeImage(input_image, eye_center[0], eye_center[1], eye_center[2], croping_cube[0], croping_cube[1], croping_cube[2])\n",
    "\n",
    "    sitk.WriteImage(cropped_image, output_image_path)\n",
    "\n",
    "    i+=1\n",
    "    if (i==10):\n",
    "        break"
   ]
  },
  {
   "cell_type": "markdown",
   "metadata": {},
   "source": [
    "## Allignment\n",
    "Allign template's header to subjects spaces"
   ]
  },
  {
   "cell_type": "code",
   "execution_count": 13,
   "metadata": {},
   "outputs": [
    {
     "name": "stdout",
     "output_type": "stream",
     "text": [
      "[[ 9.97026742e-01  4.70185876e-02  6.10485077e-02 -9.79993744e+01]\n",
      " [-4.71064523e-02  9.98889863e-01  0.00000000e+00 -8.24250488e+01]\n",
      " [-6.09807707e-02 -2.87578022e-03  9.98134196e-01 -1.76221329e+02]\n",
      " [ 0.00000000e+00  0.00000000e+00  0.00000000e+00  1.00000000e+00]]\n",
      "[[ 9.97026742e-01  4.70185876e-02  6.10485077e-02 -9.79993744e+01]\n",
      " [-4.71064523e-02  9.98889863e-01  0.00000000e+00 -8.24250488e+01]\n",
      " [-6.09807707e-02 -2.87578022e-03  9.98134196e-01 -1.76221329e+02]\n",
      " [ 0.00000000e+00  0.00000000e+00  0.00000000e+00  1.00000000e+00]]\n",
      "[[ 9.99482334e-01  2.09361669e-02  2.44321786e-02 -8.89668427e+01]\n",
      " [-2.09424216e-02  9.99780655e-01  0.00000000e+00 -1.01575226e+02]\n",
      " [-2.44268253e-02 -5.11668914e-04  9.99701440e-01 -1.71472610e+02]\n",
      " [ 0.00000000e+00  0.00000000e+00  0.00000000e+00  1.00000000e+00]]\n",
      "[[ 9.99482334e-01  2.09361669e-02  2.44321786e-02 -8.89668427e+01]\n",
      " [-2.09424216e-02  9.99780655e-01  0.00000000e+00 -1.01575226e+02]\n",
      " [-2.44268253e-02 -5.11668914e-04  9.99701440e-01 -1.71472610e+02]\n",
      " [ 0.00000000e+00  0.00000000e+00  0.00000000e+00  1.00000000e+00]]\n",
      "[[ 9.99559879e-01 -2.61743963e-02 -1.39621804e-02 -8.38933487e+01]\n",
      " [ 2.61769481e-02  9.99657333e-01  0.00000000e+00 -9.82609558e+01]\n",
      " [ 1.39573961e-02 -3.65487271e-04  9.99902487e-01 -1.78051498e+02]\n",
      " [ 0.00000000e+00  0.00000000e+00  0.00000000e+00  1.00000000e+00]]\n",
      "[[ 9.99559879e-01 -2.61743963e-02 -1.39621804e-02 -8.38933487e+01]\n",
      " [ 2.61769481e-02  9.99657333e-01  0.00000000e+00 -9.82609558e+01]\n",
      " [ 1.39573961e-02 -3.65487271e-04  9.99902487e-01 -1.78051498e+02]\n",
      " [ 0.00000000e+00  0.00000000e+00  0.00000000e+00  1.00000000e+00]]\n",
      "[[ 9.99925375e-01  2.05088002e-10  1.22170039e-02 -8.32029648e+01]\n",
      " [-2.05103004e-10  1.00000000e+00  2.52619159e-16 -9.99468842e+01]\n",
      " [-1.22170011e-02 -2.50599996e-12  9.99925613e-01 -1.82808838e+02]\n",
      " [ 0.00000000e+00  0.00000000e+00  0.00000000e+00  1.00000000e+00]]\n",
      "[[ 9.99925375e-01  2.05088002e-10  1.22170039e-02 -8.32029648e+01]\n",
      " [-2.05103004e-10  1.00000000e+00  2.52619159e-16 -9.99468842e+01]\n",
      " [-1.22170011e-02 -2.50599996e-12  9.99925613e-01 -1.82808838e+02]\n",
      " [ 0.00000000e+00  0.00000000e+00  0.00000000e+00  1.00000000e+00]]\n",
      "[[ 9.99925375e-01  2.05088002e-10  1.22170039e-02 -8.66316147e+01]\n",
      " [-2.05103004e-10  1.00000000e+00  2.52619159e-16 -1.16272736e+02]\n",
      " [-1.22170011e-02 -2.50599996e-12  9.99925613e-01 -1.79975281e+02]\n",
      " [ 0.00000000e+00  0.00000000e+00  0.00000000e+00  1.00000000e+00]]\n",
      "[[ 9.99925375e-01  2.05088002e-10  1.22170039e-02 -8.66316147e+01]\n",
      " [-2.05103004e-10  1.00000000e+00  2.52619159e-16 -1.16272736e+02]\n",
      " [-1.22170011e-02 -2.50599996e-12  9.99925613e-01 -1.79975281e+02]\n",
      " [ 0.00000000e+00  0.00000000e+00  0.00000000e+00  1.00000000e+00]]\n",
      "[[ 9.98457909e-01  3.83568816e-02  4.01318185e-02 -9.45102921e+01]\n",
      " [-3.83878089e-02  9.99262929e-01  1.16415391e-10 -9.57334900e+01]\n",
      " [-4.01022136e-02 -1.54057168e-03  9.99194980e-01 -1.75807251e+02]\n",
      " [ 0.00000000e+00  0.00000000e+00  0.00000000e+00  1.00000000e+00]]\n",
      "[[ 9.98457909e-01  3.83568816e-02  4.01318185e-02 -9.45102921e+01]\n",
      " [-3.83878089e-02  9.99262929e-01  1.16415391e-10 -9.57334900e+01]\n",
      " [-4.01022136e-02 -1.54057168e-03  9.99194980e-01 -1.75807251e+02]\n",
      " [ 0.00000000e+00  0.00000000e+00  0.00000000e+00  1.00000000e+00]]\n",
      "[[ 9.99925375e-01  2.05088002e-10  1.22170039e-02 -8.71876526e+01]\n",
      " [-2.05103004e-10  1.00000000e+00  2.52619159e-16 -1.00095688e+02]\n",
      " [-1.22170011e-02 -2.50599996e-12  9.99925613e-01 -1.94113495e+02]\n",
      " [ 0.00000000e+00  0.00000000e+00  0.00000000e+00  1.00000000e+00]]\n",
      "[[ 9.99925375e-01  2.05088002e-10  1.22170039e-02 -8.71876526e+01]\n",
      " [-2.05103004e-10  1.00000000e+00  2.52619159e-16 -1.00095688e+02]\n",
      " [-1.22170011e-02 -2.50599996e-12  9.99925613e-01 -1.94113495e+02]\n",
      " [ 0.00000000e+00  0.00000000e+00  0.00000000e+00  1.00000000e+00]]\n",
      "[[ 9.99701500e-01  2.05041997e-10  2.44321991e-02 -8.42987823e+01]\n",
      " [-2.05103004e-10  1.00000000e+00 -1.18394970e-16 -1.07406586e+02]\n",
      " [-2.44321786e-02 -5.01099986e-12  9.99702334e-01 -1.86579269e+02]\n",
      " [ 0.00000000e+00  0.00000000e+00  0.00000000e+00  1.00000000e+00]]\n",
      "[[ 9.99701500e-01  2.05041997e-10  2.44321991e-02 -8.42987823e+01]\n",
      " [-2.05103004e-10  1.00000000e+00 -1.18394970e-16 -1.07406586e+02]\n",
      " [-2.44321786e-02 -5.01099986e-12  9.99702334e-01 -1.86579269e+02]\n",
      " [ 0.00000000e+00  0.00000000e+00  0.00000000e+00  1.00000000e+00]]\n",
      "[[ 9.97503996e-01  5.92626594e-02  3.83878089e-02 -9.27419128e+01]\n",
      " [-5.93063682e-02  9.98239815e-01  2.32830671e-10 -9.07886353e+01]\n",
      " [-3.83202359e-02 -2.27664178e-03  9.99262989e-01 -1.67139053e+02]\n",
      " [ 0.00000000e+00  0.00000000e+00  0.00000000e+00  1.00000000e+00]]\n",
      "[[ 9.97503996e-01  5.92626594e-02  3.83878089e-02 -9.27419128e+01]\n",
      " [-5.93063682e-02  9.98239815e-01  2.32830671e-10 -9.07886353e+01]\n",
      " [-3.83202359e-02 -2.27664178e-03  9.99262989e-01 -1.67139053e+02]\n",
      " [ 0.00000000e+00  0.00000000e+00  0.00000000e+00  1.00000000e+00]]\n",
      "[[ 9.99925375e-01  2.05088002e-10 -1.22170039e-02 -7.98084030e+01]\n",
      " [-2.05103004e-10  1.00000000e+00 -2.52619159e-16 -9.96324158e+01]\n",
      " [ 1.22170011e-02  2.50599996e-12  9.99925613e-01 -1.83924789e+02]\n",
      " [ 0.00000000e+00  0.00000000e+00  0.00000000e+00  1.00000000e+00]]\n",
      "[[ 9.99925375e-01  2.05088002e-10 -1.22170039e-02 -7.98084030e+01]\n",
      " [-2.05103004e-10  1.00000000e+00 -2.52619159e-16 -9.96324158e+01]\n",
      " [ 1.22170011e-02  2.50599996e-12  9.99925613e-01 -1.83924789e+02]\n",
      " [ 0.00000000e+00  0.00000000e+00  0.00000000e+00  1.00000000e+00]]\n"
     ]
    }
   ],
   "source": [
    "import shutil\n",
    "import dicom2nifti\n",
    "import nibabel as nb\n",
    "from pathlib import Path\n",
    "\n",
    "# Paths\n",
    "main_path = '/mnt/sda1/Repos/a-eye/Data/SHIP_dataset/'\n",
    "input_path = main_path + 'non_labeled_dataset_nifti/'\n",
    "output_path = main_path + 'non_labeled_dataset_nifti_alligned/'\n",
    "template_path = '/mnt/sda1/Repos/a-eye/a-eye_preprocessing/ANTs/best_subjects_eye_cc/CustomTemplate_5_n1/template0.nii.gz'\n",
    "\n",
    "template = nb.load(template_path) # load template\n",
    "\n",
    "i=0\n",
    "for folder1 in sorted(os.listdir(input_path)):\n",
    "\n",
    "    # Load t1 image (not alligned)\n",
    "    t1 = nb.load(input_path + folder1 + '/' + folder1 + '.nii.gz')\n",
    "    print(t1.affine)\n",
    "\n",
    "    # Copy affine from template to t1\n",
    "    nii = nb.Nifti1Image(t1.dataobj, template.affine, t1.header)\n",
    "    print(t1.affine)\n",
    "\n",
    "    # Output\n",
    "    output_image_path = output_path + folder1\n",
    "    if not os.path.exists(output_image_path):\n",
    "        os.makedirs(output_image_path)\n",
    "    nii.to_filename(output_image_path + '/' + folder1 + '_aff.nii.gz')\n",
    "    \n",
    "    # Dealing with files in that folder\n",
    "    # for f in glob.glob(base_dir+folder1+'/input/'+folder1+'_T1_oriented_hdr.nii.gz'):\n",
    "    #     os.remove(f)\n",
    "\n",
    "    i+=1\n",
    "    if (i==10):\n",
    "        break"
   ]
  },
  {
   "cell_type": "markdown",
   "metadata": {},
   "source": [
    "## Registration 1 - Full images"
   ]
  },
  {
   "cell_type": "code",
   "execution_count": 2,
   "metadata": {},
   "outputs": [
    {
     "name": "stdout",
     "output_type": "stream",
     "text": [
      "\n",
      "--------------------------------------------------------------------------------------\n",
      " Mapping parameters\n",
      "--------------------------------------------------------------------------------------\n",
      " ANTSPATH is /opt/ANTs/bin/\n",
      "\n",
      " Dimensionality:           3\n",
      " Output name prefix:       /mnt/sda1/Repos/a-eye/Data/SHIP_dataset/non_labeled_dataset_nifti_reg/2022160101448/\n",
      " Fixed images:             /mnt/sda1/Repos/a-eye/a-eye_preprocessing/ANTs/best_subjects_eye_cc/CustomTemplate_5_n1/template0.nii.gz\n",
      " Moving images:            /mnt/sda1/Repos/a-eye/Data/SHIP_dataset/non_labeled_dataset_nifti/2022160101448/2022160101448.nii.gz\n",
      " Mask images:              \n",
      " Initial transforms:       \n",
      " Number of threads:        16\n",
      " Spline distance:          26\n",
      " SyN gradient step:        0.1\n",
      " Transform type:           s\n",
      " MI histogram bins:        32\n",
      " Precision:                d\n",
      " Use histogram matching:   0\n",
      " Repro                     0\n",
      "======================================================================================\n",
      " antsRegistration call:\n",
      "--------------------------------------------------------------------------------------\n",
      "/opt/ANTs/bin//antsRegistration --verbose 1 --dimensionality 3 --float 0 --collapse-output-transforms 1 --output [ /mnt/sda1/Repos/a-eye/Data/SHIP_dataset/non_labeled_dataset_nifti_reg/2022160101448/,/mnt/sda1/Repos/a-eye/Data/SHIP_dataset/non_labeled_dataset_nifti_reg/2022160101448/Warped.nii.gz,/mnt/sda1/Repos/a-eye/Data/SHIP_dataset/non_labeled_dataset_nifti_reg/2022160101448/InverseWarped.nii.gz ] --interpolation Linear --use-histogram-matching 0 --winsorize-image-intensities [ 0.005,0.995 ] --initial-moving-transform [ /mnt/sda1/Repos/a-eye/a-eye_preprocessing/ANTs/best_subjects_eye_cc/CustomTemplate_5_n1/template0.nii.gz,/mnt/sda1/Repos/a-eye/Data/SHIP_dataset/non_labeled_dataset_nifti/2022160101448/2022160101448.nii.gz,1 ] --transform Rigid[ 0.1 ] --metric MI[ /mnt/sda1/Repos/a-eye/a-eye_preprocessing/ANTs/best_subjects_eye_cc/CustomTemplate_5_n1/template0.nii.gz,/mnt/sda1/Repos/a-eye/Data/SHIP_dataset/non_labeled_dataset_nifti/2022160101448/2022160101448.nii.gz,1,32,Regular,0.25 ] --convergence [ 1000x500x250x0,1e-6,10 ] --shrink-factors 8x4x2x1 --smoothing-sigmas 3x2x1x0vox --transform Affine[ 0.1 ] --metric MI[ /mnt/sda1/Repos/a-eye/a-eye_preprocessing/ANTs/best_subjects_eye_cc/CustomTemplate_5_n1/template0.nii.gz,/mnt/sda1/Repos/a-eye/Data/SHIP_dataset/non_labeled_dataset_nifti/2022160101448/2022160101448.nii.gz,1,32,Regular,0.25 ] --convergence [ 1000x500x250x0,1e-6,10 ] --shrink-factors 8x4x2x1 --smoothing-sigmas 3x2x1x0vox --transform SyN[ 0.1,3,0 ] --metric MI[ /mnt/sda1/Repos/a-eye/a-eye_preprocessing/ANTs/best_subjects_eye_cc/CustomTemplate_5_n1/template0.nii.gz,/mnt/sda1/Repos/a-eye/Data/SHIP_dataset/non_labeled_dataset_nifti/2022160101448/2022160101448.nii.gz,1,32] --convergence [ 100x70x50x0,1e-6,10 ] --shrink-factors 8x4x2x1 --smoothing-sigmas 3x2x1x0vox\n",
      "--------------------------------------------------------------------------------------\n",
      "All_Command_lines_OK\n",
      "Using double precision for computations.\n",
      "=============================================================================\n",
      "The composite transform comprises the following transforms (in order): \n",
      "  1. Center of mass alignment using fixed image: /mnt/sda1/Repos/a-eye/a-eye_preprocessing/ANTs/best_subjects_eye_cc/CustomTemplate_5_n1/template0.nii.gz and moving image: /mnt/sda1/Repos/a-eye/Data/SHIP_dataset/non_labeled_dataset_nifti/2022160101448/2022160101448.nii.gz (type = Euler3DTransform)\n",
      "=============================================================================\n",
      "  number of levels = 4\n",
      "  number of levels = 4\n",
      "  number of levels = 4\n",
      "  fixed image: /mnt/sda1/Repos/a-eye/a-eye_preprocessing/ANTs/best_subjects_eye_cc/CustomTemplate_5_n1/template0.nii.gz\n",
      "  moving image: /mnt/sda1/Repos/a-eye/Data/SHIP_dataset/non_labeled_dataset_nifti/2022160101448/2022160101448.nii.gz\n",
      "  fixed image: /mnt/sda1/Repos/a-eye/a-eye_preprocessing/ANTs/best_subjects_eye_cc/CustomTemplate_5_n1/template0.nii.gz\n",
      "  moving image: /mnt/sda1/Repos/a-eye/Data/SHIP_dataset/non_labeled_dataset_nifti/2022160101448/2022160101448.nii.gz\n",
      "  fixed image: /mnt/sda1/Repos/a-eye/a-eye_preprocessing/ANTs/best_subjects_eye_cc/CustomTemplate_5_n1/template0.nii.gz\n",
      "  moving image: /mnt/sda1/Repos/a-eye/Data/SHIP_dataset/non_labeled_dataset_nifti/2022160101448/2022160101448.nii.gz\n",
      "Dimension = 3\n",
      "Number of stages = 3\n",
      "Use Histogram Matching false\n",
      "Winsorize image intensities true\n",
      "Lower quantile = 0.005\n",
      "Upper quantile = 0.995\n",
      "Stage 1 State\n",
      "   Image metric = Mattes\n",
      "     Fixed image = Image (0x562e1ced0980)\n",
      "  RTTI typeinfo:   itk::Image<double, 3u>\n",
      "  Reference Count: 2\n",
      "  Modified Time: 1725\n",
      "  Debug: Off\n",
      "  Object Name: \n",
      "  Observers: \n",
      "    none\n",
      "  Source: (none)\n",
      "  Source output name: (none)\n",
      "  Release Data: Off\n",
      "  Data Released: False\n",
      "  Global Release Data: Off\n",
      "  PipelineMTime: 0\n",
      "  UpdateMTime: 1510\n",
      "  RealTimeStamp: 0 seconds \n",
      "  LargestPossibleRegion: \n",
      "    Dimension: 3\n",
      "    Index: [0, 0, 0]\n",
      "    Size: [176, 256, 176]\n",
      "  BufferedRegion: \n",
      "    Dimension: 3\n",
      "    Index: [0, 0, 0]\n",
      "    Size: [176, 256, 176]\n",
      "  RequestedRegion: \n",
      "    Dimension: 3\n",
      "    Index: [0, 0, 0]\n",
      "    Size: [176, 256, 176]\n",
      "  Spacing: [1, 1, 1]\n",
      "  Origin: [-81.7228, -156.006, -182.861]\n",
      "  Direction: \n",
      "0.999986 2.05101e-10 -0.005238\n",
      "-2.42658e-08 1 -4.59342e-06\n",
      "0.005238 4.59348e-06 0.999986\n",
      "\n",
      "  IndexToPointMatrix: \n",
      "0.999986 2.05101e-10 -0.005238\n",
      "-2.42658e-08 1 -4.59342e-06\n",
      "0.005238 4.59348e-06 0.999986\n",
      "\n",
      "  PointToIndexMatrix: \n",
      "0.999986 -2.42658e-08 0.005238\n",
      "2.05101e-10 1 4.59348e-06\n",
      "-0.005238 -4.59342e-06 0.999986\n",
      "\n",
      "  Inverse Direction: \n",
      "0.999986 -2.42658e-08 0.005238\n",
      "2.05101e-10 1 4.59348e-06\n",
      "-0.005238 -4.59342e-06 0.999986\n",
      "\n",
      "  PixelContainer: \n",
      "    ImportImageContainer (0x562e1cedba80)\n",
      "      RTTI typeinfo:   itk::ImportImageContainer<unsigned long, double>\n",
      "      Reference Count: 1\n",
      "      Modified Time: 1507\n",
      "      Debug: Off\n",
      "      Object Name: \n",
      "      Observers: \n",
      "        none\n",
      "      Pointer: 0x7f9fa55b1010\n",
      "      Container manages memory: true\n",
      "      Size: 7929856\n",
      "      Capacity: 7929856\n",
      "\n",
      "     Moving image = Image (0x562e1ced2180)\n",
      "  RTTI typeinfo:   itk::Image<double, 3u>\n",
      "  Reference Count: 2\n",
      "  Modified Time: 1726\n",
      "  Debug: Off\n",
      "  Object Name: \n",
      "  Observers: \n",
      "    none\n",
      "  Source: (none)\n",
      "  Source output name: (none)\n",
      "  Release Data: Off\n",
      "  Data Released: False\n",
      "  Global Release Data: Off\n",
      "  PipelineMTime: 0\n",
      "  UpdateMTime: 1723\n",
      "  RealTimeStamp: 0 seconds \n",
      "  LargestPossibleRegion: \n",
      "    Dimension: 3\n",
      "    Index: [0, 0, 0]\n",
      "    Size: [176, 256, 176]\n",
      "  BufferedRegion: \n",
      "    Dimension: 3\n",
      "    Index: [0, 0, 0]\n",
      "    Size: [176, 256, 176]\n",
      "  RequestedRegion: \n",
      "    Dimension: 3\n",
      "    Index: [0, 0, 0]\n",
      "    Size: [176, 256, 176]\n",
      "  Spacing: [1, 1, 1]\n",
      "  Origin: [91.4221, 103.871, -173.169]\n",
      "  Direction: \n",
      "-0.999925 -2.05088e-10 -0.012217\n",
      "2.05103e-10 -1 -2.52619e-16\n",
      "-0.012217 -2.506e-12 0.999925\n",
      "\n",
      "  IndexToPointMatrix: \n",
      "-0.999925 -2.05088e-10 -0.012217\n",
      "2.05103e-10 -1 -2.52619e-16\n",
      "-0.012217 -2.506e-12 0.999925\n",
      "\n",
      "  PointToIndexMatrix: \n",
      "-0.999925 2.05103e-10 -0.012217\n",
      "-2.05088e-10 -1 -2.50627e-12\n",
      "-0.012217 -7.91576e-17 0.999925\n",
      "\n",
      "  Inverse Direction: \n",
      "-0.999925 2.05103e-10 -0.012217\n",
      "-2.05088e-10 -1 -2.50627e-12\n",
      "-0.012217 -7.91576e-17 0.999925\n",
      "\n",
      "  PixelContainer: \n",
      "    ImportImageContainer (0x562e1ced4e80)\n",
      "      RTTI typeinfo:   itk::ImportImageContainer<unsigned long, double>\n",
      "      Reference Count: 1\n",
      "      Modified Time: 1720\n",
      "      Debug: Off\n",
      "      Object Name: \n",
      "      Observers: \n",
      "        none\n",
      "      Pointer: 0x7f9fa1930010\n",
      "      Container manages memory: true\n",
      "      Size: 7929856\n",
      "      Capacity: 7929856\n",
      "\n",
      "     Weighting = 1\n",
      "     Sampling strategy = regular\n",
      "     Number of bins = 32\n",
      "     Radius = 4\n",
      "     Sampling percentage  = 0.25\n",
      "   Transform = Rigid\n",
      "     Gradient step = 0.1\n",
      "     Update field sigma (voxel space) = 0\n",
      "     Total field sigma (voxel space) = 0\n",
      "     Update field time sigma = 0\n",
      "     Total field time sigma  = 0\n",
      "     Number of time indices = 0\n",
      "     Number of time point samples = 0\n",
      "Stage 2 State\n",
      "   Image metric = Mattes\n",
      "     Fixed image = Image (0x562e1cf2c360)\n",
      "  RTTI typeinfo:   itk::Image<double, 3u>\n",
      "  Reference Count: 2\n",
      "  Modified Time: 2153\n",
      "  Debug: Off\n",
      "  Object Name: \n",
      "  Observers: \n",
      "    none\n",
      "  Source: (none)\n",
      "  Source output name: (none)\n",
      "  Release Data: Off\n",
      "  Data Released: False\n",
      "  Global Release Data: Off\n",
      "  PipelineMTime: 0\n",
      "  UpdateMTime: 1938\n",
      "  RealTimeStamp: 0 seconds \n",
      "  LargestPossibleRegion: \n",
      "    Dimension: 3\n",
      "    Index: [0, 0, 0]\n",
      "    Size: [176, 256, 176]\n",
      "  BufferedRegion: \n",
      "    Dimension: 3\n",
      "    Index: [0, 0, 0]\n",
      "    Size: [176, 256, 176]\n",
      "  RequestedRegion: \n",
      "    Dimension: 3\n",
      "    Index: [0, 0, 0]\n",
      "    Size: [176, 256, 176]\n",
      "  Spacing: [1, 1, 1]\n",
      "  Origin: [-81.7228, -156.006, -182.861]\n",
      "  Direction: \n",
      "0.999986 2.05101e-10 -0.005238\n",
      "-2.42658e-08 1 -4.59342e-06\n",
      "0.005238 4.59348e-06 0.999986\n",
      "\n",
      "  IndexToPointMatrix: \n",
      "0.999986 2.05101e-10 -0.005238\n",
      "-2.42658e-08 1 -4.59342e-06\n",
      "0.005238 4.59348e-06 0.999986\n",
      "\n",
      "  PointToIndexMatrix: \n",
      "0.999986 -2.42658e-08 0.005238\n",
      "2.05101e-10 1 4.59348e-06\n",
      "-0.005238 -4.59342e-06 0.999986\n",
      "\n",
      "  Inverse Direction: \n",
      "0.999986 -2.42658e-08 0.005238\n",
      "2.05101e-10 1 4.59348e-06\n",
      "-0.005238 -4.59342e-06 0.999986\n",
      "\n",
      "  PixelContainer: \n",
      "    ImportImageContainer (0x562e1cf245f0)\n",
      "      RTTI typeinfo:   itk::ImportImageContainer<unsigned long, double>\n",
      "      Reference Count: 1\n",
      "      Modified Time: 1935\n",
      "      Debug: Off\n",
      "      Object Name: \n",
      "      Observers: \n",
      "        none\n",
      "      Pointer: 0x7f9f9dcaf010\n",
      "      Container manages memory: true\n",
      "      Size: 7929856\n",
      "      Capacity: 7929856\n",
      "\n",
      "     Moving image = Image (0x562e1cf2ce50)\n",
      "  RTTI typeinfo:   itk::Image<double, 3u>\n",
      "  Reference Count: 2\n",
      "  Modified Time: 2154\n",
      "  Debug: Off\n",
      "  Object Name: \n",
      "  Observers: \n",
      "    none\n",
      "  Source: (none)\n",
      "  Source output name: (none)\n",
      "  Release Data: Off\n",
      "  Data Released: False\n",
      "  Global Release Data: Off\n",
      "  PipelineMTime: 0\n",
      "  UpdateMTime: 2151\n",
      "  RealTimeStamp: 0 seconds \n",
      "  LargestPossibleRegion: \n",
      "    Dimension: 3\n",
      "    Index: [0, 0, 0]\n",
      "    Size: [176, 256, 176]\n",
      "  BufferedRegion: \n",
      "    Dimension: 3\n",
      "    Index: [0, 0, 0]\n",
      "    Size: [176, 256, 176]\n",
      "  RequestedRegion: \n",
      "    Dimension: 3\n",
      "    Index: [0, 0, 0]\n",
      "    Size: [176, 256, 176]\n",
      "  Spacing: [1, 1, 1]\n",
      "  Origin: [91.4221, 103.871, -173.169]\n",
      "  Direction: \n",
      "-0.999925 -2.05088e-10 -0.012217\n",
      "2.05103e-10 -1 -2.52619e-16\n",
      "-0.012217 -2.506e-12 0.999925\n",
      "\n",
      "  IndexToPointMatrix: \n",
      "-0.999925 -2.05088e-10 -0.012217\n",
      "2.05103e-10 -1 -2.52619e-16\n",
      "-0.012217 -2.506e-12 0.999925\n",
      "\n",
      "  PointToIndexMatrix: \n",
      "-0.999925 2.05103e-10 -0.012217\n",
      "-2.05088e-10 -1 -2.50627e-12\n",
      "-0.012217 -7.91576e-17 0.999925\n",
      "\n",
      "  Inverse Direction: \n",
      "-0.999925 2.05103e-10 -0.012217\n",
      "-2.05088e-10 -1 -2.50627e-12\n",
      "-0.012217 -7.91576e-17 0.999925\n",
      "\n",
      "  PixelContainer: \n",
      "    ImportImageContainer (0x562e1cf37b30)\n",
      "      RTTI typeinfo:   itk::ImportImageContainer<unsigned long, double>\n",
      "      Reference Count: 1\n",
      "      Modified Time: 2148\n",
      "      Debug: Off\n",
      "      Object Name: \n",
      "      Observers: \n",
      "        none\n",
      "      Pointer: 0x7f9f9a02e010\n",
      "      Container manages memory: true\n",
      "      Size: 7929856\n",
      "      Capacity: 7929856\n",
      "\n",
      "     Weighting = 1\n",
      "     Sampling strategy = regular\n",
      "     Number of bins = 32\n",
      "     Radius = 4\n",
      "     Sampling percentage  = 0.25\n",
      "   Transform = Affine\n",
      "     Gradient step = 0.1\n",
      "     Update field sigma (voxel space) = 0\n",
      "     Total field sigma (voxel space) = 0\n",
      "     Update field time sigma = 0\n",
      "     Total field time sigma  = 0\n",
      "     Number of time indices = 0\n",
      "     Number of time point samples = 0\n",
      "Stage 3 State\n",
      "   Image metric = Mattes\n",
      "     Fixed image = Image (0x562e1ee457d0)\n",
      "  RTTI typeinfo:   itk::Image<double, 3u>\n",
      "  Reference Count: 2\n",
      "  Modified Time: 2581\n",
      "  Debug: Off\n",
      "  Object Name: \n",
      "  Observers: \n",
      "    none\n",
      "  Source: (none)\n",
      "  Source output name: (none)\n",
      "  Release Data: Off\n",
      "  Data Released: False\n",
      "  Global Release Data: Off\n",
      "  PipelineMTime: 0\n",
      "  UpdateMTime: 2366\n",
      "  RealTimeStamp: 0 seconds \n",
      "  LargestPossibleRegion: \n",
      "    Dimension: 3\n",
      "    Index: [0, 0, 0]\n",
      "    Size: [176, 256, 176]\n",
      "  BufferedRegion: \n",
      "    Dimension: 3\n",
      "    Index: [0, 0, 0]\n",
      "    Size: [176, 256, 176]\n",
      "  RequestedRegion: \n",
      "    Dimension: 3\n",
      "    Index: [0, 0, 0]\n",
      "    Size: [176, 256, 176]\n",
      "  Spacing: [1, 1, 1]\n",
      "  Origin: [-81.7228, -156.006, -182.861]\n",
      "  Direction: \n",
      "0.999986 2.05101e-10 -0.005238\n",
      "-2.42658e-08 1 -4.59342e-06\n",
      "0.005238 4.59348e-06 0.999986\n",
      "\n",
      "  IndexToPointMatrix: \n",
      "0.999986 2.05101e-10 -0.005238\n",
      "-2.42658e-08 1 -4.59342e-06\n",
      "0.005238 4.59348e-06 0.999986\n",
      "\n",
      "  PointToIndexMatrix: \n",
      "0.999986 -2.42658e-08 0.005238\n",
      "2.05101e-10 1 4.59348e-06\n",
      "-0.005238 -4.59342e-06 0.999986\n",
      "\n",
      "  Inverse Direction: \n",
      "0.999986 -2.42658e-08 0.005238\n",
      "2.05101e-10 1 4.59348e-06\n",
      "-0.005238 -4.59342e-06 0.999986\n",
      "\n",
      "  PixelContainer: \n",
      "    ImportImageContainer (0x562e1cf82fc0)\n",
      "      RTTI typeinfo:   itk::ImportImageContainer<unsigned long, double>\n",
      "      Reference Count: 1\n",
      "      Modified Time: 2363\n",
      "      Debug: Off\n",
      "      Object Name: \n",
      "      Observers: \n",
      "        none\n",
      "      Pointer: 0x7f9f963ad010\n",
      "      Container manages memory: true\n",
      "      Size: 7929856\n",
      "      Capacity: 7929856\n",
      "\n",
      "     Moving image = Image (0x562e1cf39890)\n",
      "  RTTI typeinfo:   itk::Image<double, 3u>\n",
      "  Reference Count: 2\n",
      "  Modified Time: 2582\n",
      "  Debug: Off\n",
      "  Object Name: \n",
      "  Observers: \n",
      "    none\n",
      "  Source: (none)\n",
      "  Source output name: (none)\n",
      "  Release Data: Off\n",
      "  Data Released: False\n",
      "  Global Release Data: Off\n",
      "  PipelineMTime: 0\n",
      "  UpdateMTime: 2579\n",
      "  RealTimeStamp: 0 seconds \n",
      "  LargestPossibleRegion: \n",
      "    Dimension: 3\n",
      "    Index: [0, 0, 0]\n",
      "    Size: [176, 256, 176]\n",
      "  BufferedRegion: \n",
      "    Dimension: 3\n",
      "    Index: [0, 0, 0]\n",
      "    Size: [176, 256, 176]\n",
      "  RequestedRegion: \n",
      "    Dimension: 3\n",
      "    Index: [0, 0, 0]\n",
      "    Size: [176, 256, 176]\n",
      "  Spacing: [1, 1, 1]\n",
      "  Origin: [91.4221, 103.871, -173.169]\n",
      "  Direction: \n",
      "-0.999925 -2.05088e-10 -0.012217\n",
      "2.05103e-10 -1 -2.52619e-16\n",
      "-0.012217 -2.506e-12 0.999925\n",
      "\n",
      "  IndexToPointMatrix: \n",
      "-0.999925 -2.05088e-10 -0.012217\n",
      "2.05103e-10 -1 -2.52619e-16\n",
      "-0.012217 -2.506e-12 0.999925\n",
      "\n",
      "  PointToIndexMatrix: \n",
      "-0.999925 2.05103e-10 -0.012217\n",
      "-2.05088e-10 -1 -2.50627e-12\n",
      "-0.012217 -7.91576e-17 0.999925\n",
      "\n",
      "  Inverse Direction: \n",
      "-0.999925 2.05103e-10 -0.012217\n",
      "-2.05088e-10 -1 -2.50627e-12\n",
      "-0.012217 -7.91576e-17 0.999925\n",
      "\n",
      "  PixelContainer: \n",
      "    ImportImageContainer (0x562e1ee45f80)\n",
      "      RTTI typeinfo:   itk::ImportImageContainer<unsigned long, double>\n",
      "      Reference Count: 1\n",
      "      Modified Time: 2576\n",
      "      Debug: Off\n",
      "      Object Name: \n",
      "      Observers: \n",
      "        none\n",
      "      Pointer: 0x7f9f9272c010\n",
      "      Container manages memory: true\n",
      "      Size: 7929856\n",
      "      Capacity: 7929856\n",
      "\n",
      "     Weighting = 1\n",
      "     Sampling strategy = none\n",
      "     Number of bins = 32\n",
      "     Radius = 4\n",
      "     Sampling percentage  = 1\n",
      "   Transform = SyN\n",
      "     Gradient step = 0.1\n",
      "     Update field sigma (voxel space) = 3\n",
      "     Total field sigma (voxel space) = 0\n",
      "     Update field time sigma = 0\n",
      "     Total field time sigma  = 0\n",
      "     Number of time indices = 0\n",
      "     Number of time point samples = 0\n",
      "Registration using 3 total stages.\n",
      "\n",
      "Stage 0\n",
      "  iterations = 1000x500x250x0\n",
      "  convergence threshold = 1e-06\n",
      "  convergence window size = 10\n",
      "  number of levels = 4\n",
      "  using the Mattes MI metric (number of bins = 32, weight = 1, use gradient filter = 0)\n",
      "  preprocessing:  winsorizing the image intensities\n",
      "  Shrink factors (level 1 out of 4): [8, 8, 8]\n",
      "  Shrink factors (level 2 out of 4): [4, 4, 4]\n",
      "  Shrink factors (level 3 out of 4): [2, 2, 2]\n",
      "  Shrink factors (level 4 out of 4): [1, 1, 1]\n",
      "  smoothing sigmas per level: [3, 2, 1, 0]\n",
      "  regular sampling (percentage = 0.25)\n",
      "\n",
      "*** Running Euler3DTransform registration ***\n",
      "\n",
      "DIAGNOSTIC,Iteration,metricValue,convergenceValue,ITERATION_TIME_INDEX,SINCE_LAST\n",
      " 2DIAGNOSTIC,     1, -6.847885768037e-01, 1.797693134862e+308, 8.8943e-02, 8.8943e-02, \n",
      " 2DIAGNOSTIC,     2, -6.864540560813e-01, 1.797693134862e+308, 9.0202e-02, 1.2591e-03, \n",
      " 2DIAGNOSTIC,     3, -6.885267455141e-01, 1.797693134862e+308, 9.1238e-02, 1.0359e-03, \n",
      " 2DIAGNOSTIC,     4, -6.951653973771e-01, 1.797693134862e+308, 9.2343e-02, 1.1051e-03, \n",
      " 2DIAGNOSTIC,     5, -7.050930776212e-01, 1.797693134862e+308, 9.3825e-02, 1.4820e-03, \n",
      " 2DIAGNOSTIC,     6, -7.153402994001e-01, 1.797693134862e+308, 9.4935e-02, 1.1098e-03, \n",
      " 2DIAGNOSTIC,     7, -7.465646971267e-01, 1.797693134862e+308, 9.6233e-02, 1.2980e-03, \n",
      " 2DIAGNOSTIC,     8, -7.624834438832e-01, 1.797693134862e+308, 9.7524e-02, 1.2910e-03, \n",
      " 2DIAGNOSTIC,     9, -7.695099465673e-01, 1.797693134862e+308, 9.8767e-02, 1.2429e-03, \n",
      " 2DIAGNOSTIC,    10, -7.744538481612e-01, 9.433280094860e-03, 1.0034e-01, 1.5721e-03, \n",
      " 2DIAGNOSTIC,    11, -7.816299492879e-01, 9.029243015638e-03, 1.0171e-01, 1.3759e-03, \n",
      " 2DIAGNOSTIC,    12, -7.896014742920e-01, 8.181442995518e-03, 1.0310e-01, 1.3881e-03, \n",
      " 2DIAGNOSTIC,    13, -7.922199899100e-01, 6.865136616898e-03, 1.0466e-01, 1.5609e-03, \n",
      " 2DIAGNOSTIC,    14, -7.929134913995e-01, 5.337868779822e-03, 1.0632e-01, 1.6580e-03, \n",
      " 2DIAGNOSTIC,    15, -7.929843091306e-01, 3.805443591309e-03, 1.0755e-01, 1.2279e-03, \n",
      " 2DIAGNOSTIC,    16, -7.930487125305e-01, 2.356638520759e-03, 1.0874e-01, 1.1899e-03, \n",
      " 2DIAGNOSTIC,    17, -7.931409041997e-01, 1.559112866588e-03, 1.1013e-01, 1.3890e-03, \n",
      " 2DIAGNOSTIC,    18, -7.930593091090e-01, 1.041374893934e-03, 1.1117e-01, 1.0381e-03, \n",
      " 2DIAGNOSTIC,    19, -7.930801599343e-01, 6.255154823117e-04, 1.1267e-01, 1.5042e-03, \n",
      " 2DIAGNOSTIC,    20, -7.930845909929e-01, 2.869345425104e-04, 1.1367e-01, 9.9516e-04, \n",
      " 2DIAGNOSTIC,    21, -7.930903464555e-01, 8.025693896242e-05, 1.1507e-01, 1.4050e-03, \n",
      " 2DIAGNOSTIC,    22, -7.931059583393e-01, 2.040062503526e-05, 1.1623e-01, 1.1621e-03, \n",
      " 2DIAGNOSTIC,    23, -7.930858640830e-01, 6.063082263537e-06, 1.1758e-01, 1.3461e-03, \n",
      " 2DIAGNOSTIC,    24, -7.930804780316e-01, 3.228584216981e-06, 1.1914e-01, 1.5609e-03, \n",
      " 2DIAGNOSTIC,    25, -7.930857374595e-01, 1.556481925409e-06, 1.2335e-01, 4.2081e-03, \n",
      "DIAGNOSTIC,Iteration,metricValue,convergenceValue,ITERATION_TIME_INDEX,SINCE_LAST\n",
      " 2DIAGNOSTIC,     1, -6.263857208731e-01, 1.797693134862e+308, 2.2568e-01, 1.0233e-01, \n",
      " 2DIAGNOSTIC,     2, -6.268811118521e-01, 1.797693134862e+308, 2.3225e-01, 6.5701e-03, \n",
      " 2DIAGNOSTIC,     3, -6.274645173098e-01, 1.797693134862e+308, 2.3857e-01, 6.3169e-03, \n",
      " 2DIAGNOSTIC,     4, -6.279714131420e-01, 1.797693134862e+308, 2.4479e-01, 6.2230e-03, \n",
      " 2DIAGNOSTIC,     5, -6.284542399918e-01, 1.797693134862e+308, 2.5192e-01, 7.1349e-03, \n",
      " 2DIAGNOSTIC,     6, -6.290963824775e-01, 1.797693134862e+308, 2.5799e-01, 6.0611e-03, \n",
      " 2DIAGNOSTIC,     7, -6.301034714117e-01, 1.797693134862e+308, 2.6610e-01, 8.1100e-03, \n",
      " 2DIAGNOSTIC,     8, -6.311400739724e-01, 1.797693134862e+308, 2.7285e-01, 6.7570e-03, \n",
      " 2DIAGNOSTIC,     9, -6.316163912093e-01, 1.797693134862e+308, 2.7923e-01, 6.3782e-03, \n",
      " 2DIAGNOSTIC,    10, -6.318854003656e-01, 6.048776626659e-04, 2.8705e-01, 7.8189e-03, \n",
      " 2DIAGNOSTIC,    11, -6.319842003285e-01, 5.343121027511e-04, 2.9257e-01, 5.5242e-03, \n",
      " 2DIAGNOSTIC,    12, -6.325008638948e-01, 4.652881821058e-04, 2.9925e-01, 6.6710e-03, \n",
      " 2DIAGNOSTIC,    13, -6.327820726873e-01, 3.941102674042e-04, 3.0721e-01, 7.9670e-03, \n",
      " 2DIAGNOSTIC,    14, -6.329059462907e-01, 3.178100769509e-04, 3.1396e-01, 6.7511e-03, \n",
      " 2DIAGNOSTIC,    15, -6.337218565587e-01, 2.623143994597e-04, 3.2053e-01, 6.5629e-03, \n",
      " 2DIAGNOSTIC,    16, -6.343474832823e-01, 2.247803876655e-04, 3.2993e-01, 9.4070e-03, \n",
      " 2DIAGNOSTIC,    17, -6.342847564380e-01, 1.952659465933e-04, 3.3601e-01, 6.0740e-03, \n",
      " 2DIAGNOSTIC,    18, -6.355306171606e-01, 2.084459264003e-04, 3.4277e-01, 6.7661e-03, \n",
      " 2DIAGNOSTIC,    19, -6.378411910261e-01, 2.663436633269e-04, 3.4991e-01, 7.1399e-03, \n",
      " 2DIAGNOSTIC,    20, -6.388161928468e-01, 3.204074303015e-04, 3.5895e-01, 9.0339e-03, \n",
      " 2DIAGNOSTIC,    21, -6.391832807906e-01, 3.494950396482e-04, 3.6577e-01, 6.8250e-03, \n",
      " 2DIAGNOSTIC,    22, -6.412205765336e-01, 3.963549718770e-04, 3.7240e-01, 6.6311e-03, \n",
      " 2DIAGNOSTIC,    23, -6.413180573398e-01, 4.085576858949e-04, 3.7920e-01, 6.7918e-03, \n",
      " 2DIAGNOSTIC,    24, -6.412126033167e-01, 3.812499716865e-04, 3.8592e-01, 6.7289e-03, \n",
      " 2DIAGNOSTIC,    25, -6.412777873386e-01, 3.365287290262e-04, 3.9295e-01, 7.0250e-03, \n",
      " 2DIAGNOSTIC,    26, -6.414589615715e-01, 2.782925649985e-04, 4.0185e-01, 8.8968e-03, \n",
      " 2DIAGNOSTIC,    27, -6.414354447309e-01, 1.963361186589e-04, 4.0911e-01, 7.2658e-03, \n",
      " 2DIAGNOSTIC,    28, -6.414440933622e-01, 1.211140445813e-04, 4.1773e-01, 8.6169e-03, \n",
      " 2DIAGNOSTIC,    29, -6.414458158859e-01, 7.571973783278e-05, 4.2491e-01, 7.1840e-03, \n",
      " 2DIAGNOSTIC,    30, -6.414427768918e-01, 4.104125129079e-05, 4.3265e-01, 7.7331e-03, \n",
      " 2DIAGNOSTIC,    31, -6.414293971761e-01, 9.051866336922e-06, 4.4308e-01, 1.0435e-02, \n",
      " 2DIAGNOSTIC,    32, -6.414298734282e-01, 6.768305831781e-06, 4.5408e-01, 1.0996e-02, \n",
